0.001322743
0.01375876
0.019675732
0.020547952
0.02837902
0.031027231
0.040231231
0.062149923
0.091757148
0.109900958
0.114504611
0.140477812
0.170663235
0.222256799
0.224185989
0.22831659
0.237810723
0.243466126
0.254711662
0.259989367
0.33309996
0.343999119
0.3550472
0.365617362
0.366998722
0.379340677
0.381497685
0.399654334
0.399797056
0.429381172
0.44550686
0.454792714
0.461048261
0.467587546
0.470526521
0.495740659
0.496061163
0.503547942
0.509600573
0.511400575
0.550321659
0.612599028
0.653587519
0.660907879
0.67130651
0.672284779
0.684949654
0.686001386
0.700155761
0.705777466
0.711207271
0.724386026
0.757697455
0.760959025
0.77983871
0.788920866
0.812214235
0.83849654
0.851556045
0.878721536